0.811281
0.867644
0.400900
-0.850699
0.446176
0.867242
-0.707684
-0.196306
0.030518
0.855526
0.197261
-0.604657
-0.444831
-0.076168
0.947593
0.442022
-0.879544
0.815803
0.875854
-0.095476
0.568943
0.673142
0.116546
0.812894
0.387603
-0.140572
-0.721429
0.199932
-0.307456
-0.728646
0.507738
0.215212
-0.462616
0.346153
-0.505761
-0.355653
0.547256
0.763465
0.881680
0.918649
0.550887
0.751301
0.319282
0.567059
-0.156167
0.357357
0.096375
0.287649
-0.496603
0.652661
-0.706295
0.713106
-0.073385
0.220099
0.798468
0.693918
0.754690
0.128332
0.644597
0.020561
0.841188
0.894088
0.296067
-0.468271
0.039766
0.853705
0.859051
0.404510
0.689585
0.524460
0.860433
-0.156536
0.359924
0.091820
0.900019
-0.529734
-0.221616
0.749495
0.878062
0.631185
-0.585268
0.385060
-0.937787
0.670113
0.321377
-0.323809
0.301888
0.738659
0.206558
0.939287
-0.531178
0.896588
0.057323
-0.805885
-0.790888
0.436842
-0.783575
0.226442
0.347986
-0.206911
-0.833864
0.278655
0.409667
0.549064
0.733315
0.834777
0.286965
0.341317
0.843665
0.755125
-0.921447
0.774632
0.940888
0.114220
0.594895
0.491447
-0.701783
-0.112056
0.914326
0.672922
0.203735
0.370896
-0.250155
-0.282396
-0.529881
-0.199722
0.594395
0.887660
0.642322
-0.098996
0.713201
-0.572563
0.922705
-0.880395
0.509324
-0.600913
0.818742
0.499512
0.879017
0.561320
-0.916556
-0.431198
0.181037
0.689894
-0.709727
0.499444
-0.030337
-0.168366
-0.894158
0.486649
0.117874
0.940549
-0.175781
0.067757
-0.505226
0.830279
0.449981
0.836141
0.397138
-0.098483
0.821195
0.819988
0.002774
-0.053663
-0.810040
-0.007705
-0.282900
0.623562
0.322989
-0.452462
0.916073
-0.033839
0.090330
0.681954
0.386488
-0.490569
0.460248
0.912082
0.814283
0.138039
0.890287
0.521249
0.895825
-0.768917
0.774641
0.620482
0.556628
-0.220970
0.076278
0.873657
0.729840
0.597383
-0.731463
0.665123
0.074812
-0.299900
-0.266939
-0.431443
0.322714
-0.757684
-0.075485
-0.837807
-0.735996
0.280571
-0.297929
0.920078
0.773120
0.611422
0.521828
-0.739721
-0.377428
-0.475723
0.824817
0.486658
0.574463
0.609405
0.157522
0.254791
-0.198030
0.450379
-0.244355
-0.386302
0.892542
0.640192
0.787526
0.530062
-0.721963
0.650094
0.518867
0.864680
0.176714
-0.297066
0.625832
0.155381
0.107553
0.133353
0.500927
0.247777
0.303255
0.306100
0.255350
-0.631570
0.776901
0.118597
-0.604553
-0.945016
0.841125
-0.627599
-0.164874
-0.935440
-0.867066
0.889694
-0.917683
-0.815667
0.639859
-0.422201
-0.033745
0.788942
-0.513530
0.692372
0.678270
-0.469675
-0.540108
0.636334
-0.694169
-0.260369
0.882774
0.102721
0.393605
-0.397601
0.496152
0.534758
-0.143140
-0.656170
-0.439858
0.225218
-0.777618
0.773172
0.089829
0.056146
-0.622752
-0.365049
-0.755037
0.456528
0.693980
0.299359
0.763627
0.821691
0.531221
0.837446
0.917797
-0.523573
-0.345967
-0.627473
0.569701
0.589482
0.869647
-0.200797
0.439619
0.084715
0.343681
0.907632
-0.721779
-0.299328
0.352189
-0.571601
0.109156
0.098286
0.330103
-0.225592
0.334323
-0.488292
-0.174903
-0.209984
-0.843063
0.560273
0.765793
0.275783
0.667666
-0.729928
-0.142631
-0.254648
0.157733
-0.662212
0.884091
0.814387
0.808902
0.264457
0.943337
0.170734
0.798500
-0.248288
-0.130750
0.347015
0.356660
0.845487
0.309773
-0.189151
-0.490824
0.117171
0.560050
0.768866
0.487169
0.506813
0.736672
0.605224
0.788796
0.533013
0.608295
-0.075518
0.529899
0.906760
0.079151
-0.684079
0.637894
-0.417403
0.945186
0.603168
0.620521
-0.788626
-0.714284
-0.589685
-0.913368
-0.187536
-0.804868
-0.887079
-0.942503
-0.860467
-0.794154
0.681871
0.702712
0.591484
-0.864576
0.846753
-0.074333
0.585917
0.216923
0.283852
0.913057
0.473044
0.668784
0.841855
0.597554
0.464401
0.509176
-0.397894
0.582847
0.671845
-0.713867
0.547388
0.162140
-0.502574
0.823720
0.188373
-0.879804
-0.925819
0.618172
0.321166
0.224223
0.900595
0.518931
0.714392
0.769965
0.073532
-0.818121
-0.178069
-0.554378
0.816385
0.948882
0.911558
-0.673609
0.750158
0.851936
0.892624
0.512524
0.304019
0.156102
0.411011
0.233474
0.801120
0.352199
-0.000189
0.647201
-0.606729
0.406589
0.434576
0.757331
0.238646
0.187019
-0.867915
0.936850
-0.623854
-0.724019
-0.194311
0.840508
-0.249209
-0.063456
0.428614
0.517019
-0.360490
0.909362
-0.137010
0.445859
-0.262239
0.074435
0.548978
0.107906
0.287793
-0.112867
-0.570024
0.767280
0.886608
-0.926053
0.678481
-0.365322
-0.923248
-0.860074
0.300312
0.586996
0.938214
-0.257413
0.362287
0.525862
-0.421219
0.546949
-0.366801
-0.433107
0.403394
0.832515
0.781283
0.698446
0.763079
-0.396793
0.493740
0.154897
0.345681
-0.313353
-0.043779
0.895475
0.638326
-0.404247
-0.383179
-0.341082
-0.209173
0.212515
-0.767577
0.712033
0.795941
-0.214187
0.726728
0.525865
0.252355
0.846124
-0.637371
0.898586
0.812284
0.581222
-0.641541
0.658126
0.716060
-0.580967
0.944317
0.511047
0.748601
0.902738
-0.702382
0.795951
0.912464
0.032685
-0.887686
-0.096870
0.926776
-0.575258
-0.356326
0.775196
-0.318641
-0.091228
0.778009
0.038445
0.784846
0.636119
0.868503
0.786998
0.427818
-0.678666
-0.414619
0.507298
-0.534314
0.726615
-0.104383
0.659587
-0.175390
0.408563
0.072848
0.659055
0.167962
0.879379
-0.264802
-0.776387
0.154029
0.486153
0.718374
-0.196436
-0.157222
0.853687
0.456053
-0.899603
0.492378
0.866657
0.233617
0.771031
0.713466
0.093060
0.841202
-0.759104
0.822086
-0.646358
-0.921307
0.325647
0.385983
0.546401
-0.801432
0.190137
-0.238509
-0.334238
0.631556
-0.872525
0.888998
0.744205
0.934052
0.942996
0.015099
-0.059488
-0.253054
0.597051
0.035533
0.842408
0.302813
-0.809438
0.875820
0.435948
0.628379
0.044364
0.487944
0.853769
-0.377341
0.224338
-0.148423
-0.749799
0.831951
0.777809
0.844803
0.489792
-0.270272
0.195567
0.630747
-0.856982
0.702177
0.369644
-0.096068
0.658949
0.205925
0.461473
-0.100090
-0.426482
0.106390
-0.303754
0.550369
-0.124023
-0.066279
0.143039
0.600141
0.729289
-0.653274
-0.377339
-0.741329
-0.749844
0.368199
0.164658
-0.280595
0.506757
0.319547
-0.537132
0.698522
-0.767137
0.701594
0.167541
-0.468757
0.324198
-0.453020
-0.157875
-0.312836
-0.796705
0.228442
-0.135241
-0.343567
0.766166
0.468319
0.148383
0.074026
0.564009
0.610632
-0.897072
-0.443107
0.916365
-0.483445
0.942678
-0.074689
0.756748
0.811129
-0.809951
0.082456
-0.941489
-0.026452
0.825950
0.199494
-0.227223
-0.393739
0.090373
-0.326194
0.440388
-0.762251
0.358676
0.749709
-0.054019
0.216311
0.055292
0.700869
0.402507
0.566223
-0.470799
0.373001
0.085515
0.370368
0.740905
0.326696
-0.003450
0.320962
-0.129537
-0.065154
0.675517
0.902854
0.738549
0.733146
0.713308
-0.711342
0.567709
0.830315
0.159981
-0.531798
0.228940
0.345342
-0.276996
0.434097
-0.344511
0.587515
0.582844
0.119222
-0.547257
0.498620
-0.019514
0.605624
0.635253
0.732243
0.623049
0.686686
0.529244
0.328770
0.222896
0.455981
0.606912
0.914136
0.873584
0.333802
0.343145
-0.721718
0.572596
0.891281
0.318955
0.260390
0.895849
-0.915710
0.602137
0.182779
0.605990
-0.275065
0.034280
0.334648
0.693100
0.874698
-0.220959
0.399182
0.635203
0.282653
-0.892715
0.641330
0.680275
0.124516
-0.302432
0.612085
0.705810
0.115426
-0.356858
-0.354425
-0.451317
-0.565358
0.868242
-0.884434
-0.779832
0.393219
0.227552
-0.714364
0.831741
-0.588368
-0.888078
0.880799
0.181595
0.056975
0.845933
0.837226
0.730498
0.459074
0.354266
-0.459404
0.479049
-0.343456
-0.521580
-0.941569
0.263479
-0.488442
0.698701
0.373089
-0.639463
0.692987
-0.573493
-0.543441
0.387826
0.707908
-0.170977
0.711195
-0.824145
0.646319
-0.092399
-0.315892
-0.347165
0.340823
0.390589
0.669126
-0.810837
0.327428
0.698771
-0.946131
0.591949
0.447558
-0.896135
0.636273
-0.591995
0.795134
-0.790922
0.596071
-0.247173
0.151974
0.710066
-0.069119
-0.474993
-0.777739
-0.260512
-0.072490
0.685363
0.742556
-0.037108
0.450458
0.226950
-0.725349
0.896879
0.706327
0.377501
0.676382
0.225930
-0.041571
0.231504
-0.356923
-0.588929
0.532296
0.804728
0.702052
0.888808
0.900148
0.346652
-0.418991
-0.011667
0.403485
-0.288502
0.360926
-0.317303
0.149633
0.684851
-0.733799
0.065886
-0.171703
0.268650
0.529433
0.571760
0.928934
0.197580
0.858895
0.090645
-0.310043
-0.480925
-0.791412
0.469562
0.836099
-0.353793
0.248249
-0.409746
0.076896
0.916450
0.881711
-0.757335
0.947201
-0.204463
0.783013
-0.117756
0.785968
-0.871866
0.652110
-0.060171
-0.741419
-0.602484
0.330106
-0.176398
-0.749662
0.782281
-0.385823
0.914610
-0.305633
0.391749
-0.242089
0.425085
-0.238050
0.868457
0.913502
0.801009
-0.583289
0.872679
-0.179417
0.145314
0.555388
-0.414086
0.645233
-0.806648
0.827298
-0.599035
0.537730
0.365542
0.676713
0.531851
0.923008
0.264990
-0.023803
0.411016
-0.483759
0.920209
0.579550
-0.356063
0.439687
-0.644553
0.743261
-0.697512
-0.122919
-0.334624
0.725751
0.839011
0.500334
0.000400
-0.327131
-0.947225
0.828913
-0.185394
0.522513
0.386012
0.787056
0.803289
0.100497
-0.037318
0.022204
0.785772
0.755413
0.806079
-0.139008
0.244911
0.811531
0.572525
0.086152
0.715328
-0.833196
-0.716681
0.900800
0.409312
-0.392687
0.641224
0.205721
0.616943
0.383889
0.022137
-0.464797
-0.827356
-0.173372
-0.503280
0.251442
0.554811
0.801985
-0.670278
-0.835267
0.435673
0.285160
0.560824
0.813426
0.785383
-0.389127
0.855116
-0.685392
0.871154
0.209193
-0.771336
0.912873
-0.913283
-0.294108
0.034483
0.908146
0.729190
-0.932267
0.458068
0.387557
-0.180384
0.165553
-0.893963
0.363569
-0.313545
0.850231
0.879285
0.362153
0.701016
-0.487783
-0.064874
0.859237
-0.126838
0.632550
0.202841
0.498535
0.572195
-0.453590
0.013202
0.064889
0.470650
0.539147
0.940029
-0.851888
-0.299363
0.922715
-0.020668
0.606057
-0.308171
-0.722727
0.628221
0.528983
-0.282217
0.763763
0.639319
0.489923
-0.732075
-0.896691
0.613472
0.868435
0.325879
0.238079
0.907268
0.510421
-0.710540
0.581574
-0.312905
-0.466482
0.832817
0.937969
-0.711696
0.612291
-0.607158
0.703777
0.014348
0.161310
0.372657
-0.716376
0.813328
-0.339163
0.497392
0.290914
0.857946
0.541012
0.273001
-0.269298
-0.058088
-0.523410
-0.094635
0.569048
0.680206
-0.475790
-0.635682
0.378267
0.927876
-0.105301
0.499898
0.868192
0.422006
-0.639728
-0.859848
0.618327
-0.102619
0.116451
0.248882
-0.042208
-0.930182
0.270553
0.602993
-0.915857
0.421586
-0.808348
-0.175461
-0.110107
-0.378467
-0.556116
0.889757
-0.573232
0.718562
0.419687
0.771725
0.753185
0.004469
-0.501888
0.124479
0.183381
0.340372
0.919427
-0.680296
0.921859
-0.619896
0.562438
-0.904878
0.682869
0.468233
0.210316
-0.418077
-0.797719
0.940157
-0.462530
0.791550
-0.389880
-0.369906
0.867191
0.327028
-0.569033
-0.248356
-0.444352
0.211150
-0.819968
0.925719
-0.630774
0.711252
0.501457
0.598173
0.906443
-0.820823
0.446274
0.368675
-0.465262
0.165702
0.913432
0.945523
-0.132239
0.683425
-0.743418
-0.794085
-0.036219
0.056007
0.015669
0.416032
0.490602
-0.408936
-0.657179
0.140196
-0.298701
-0.600597
-0.120911
-0.069266
0.418539
-0.838506
0.046588
0.009664
0.557262
0.155110
0.614062
-0.929615
0.577689
-0.866481
0.892984
0.907070
-0.645911
-0.008591
0.411326
-0.043937
-0.734034
-0.747325
0.851794
0.203841
0.896250
0.714496
0.556630
0.019086
-0.907946
-0.062952
-0.925361
-0.270727
-0.191658
0.295978
0.646601
-0.493493
0.745122
0.413660
-0.043549
-0.881092
0.006919
0.288322
0.862344
0.691294
0.794927
0.894180
-0.421871
0.543428
0.107834
0.660009
0.057545
-0.101813
0.472533
-0.530924
0.100115
0.914962
0.390110
0.660478
0.905482
-0.344528
0.480324
0.811724
0.048028
0.401762
0.391804
0.701368
0.942403
0.114718
-0.716292
0.788144
0.134203
-0.036477
-0.229354
0.918880
0.706163
-0.089413
-0.516504
-0.036246
-0.560644
0.274935
-0.513958
-0.331310
0.945495
-0.831178
-0.780774
-0.910843
0.548950
0.198683
-0.024249
0.836742
0.045850
0.358723
-0.935033
-0.358603
-0.622813
0.468135
-0.133396
-0.848035
0.111804
0.606610
-0.191406
0.440252
0.339588
0.481578
0.837024
-0.120886
0.427871
0.263235
0.933351
-0.682172
-0.941755
-0.652404
0.536786
-0.626110
-0.525343
0.737723
-0.530479
-0.855038
0.418404
-0.104547
0.658797
0.043272
-0.403717
0.228935
-0.556166
-0.303557
-0.675381
0.492746
0.336670
0.770399
-0.892023
0.913415
0.101864
-0.268080
0.550084
-0.372049
0.684023
0.126950
0.681600
-0.736050
-0.256538
0.412815
0.868946
0.550911
-0.116467
-0.362705
0.189239
0.157195
0.568029
-0.527977
-0.326726
-0.384817
0.644166
0.197600
0.177565
0.808603
0.416668
0.611436
0.444882
0.614664
0.621162
0.391613
0.872672
-0.160775
-0.276543
0.839221
-0.578042
0.215788
0.870330
0.728673
-0.907655
-0.118077
0.709394
0.500233
-0.901931
-0.590374
0.660838
0.904563
0.408589
0.869909
0.556453
-0.216491
0.912364
0.035809
0.218317
0.592843
-0.914551
-0.858449
0.897117
-0.151762
-0.878584
-0.528640
0.400852
-0.718992
0.321906
-0.062985
-0.240005
0.592997
0.948177
-0.540160
0.346629
-0.326514
0.690359
-0.559027
0.779425
-0.166932
-0.405912
0.344666
-0.155971
0.498184
0.563793
0.255885
-0.253911
-0.915036
0.824572
-0.068415
0.822493
-0.112375
-0.509431
0.560065
-0.001489
-0.384398
-0.750750
0.739174
0.887807
0.394775
0.605346
0.819213
-0.143815
0.220118
-0.931412
-0.763036
0.401226
-0.138703
0.917657
0.424883
0.084208
-0.395697
0.171823
-0.893478
0.885350
0.661512
-0.273388
0.334765
0.472298
-0.930939
0.744168
0.413612
0.143809
0.932737
-0.232062
-0.327897
-0.714645
0.259801
0.558870
-0.131516
-0.234065
-0.516484
0.476954
0.243840
0.567487
-0.814219
0.432507
0.945188
0.181978
0.766487
0.632110
-0.633112
0.553314
0.541489
-0.196385
0.534638
0.786308
0.761365
0.141491
-0.834700
-0.891401
0.721853
0.190586
-0.680864
0.593647
0.846158
-0.796679
0.654121
0.277221
0.041911
0.145017
-0.531995
0.383933
-0.859886
0.832703
-0.884294
0.145790
-0.803793
0.124624
0.438429
-0.019194
-0.810783
-0.222518
0.170217
0.875764
0.299969
-0.878024
0.743095
0.464835
-0.764998
-0.218233
0.659688
0.938117
-0.470184
-0.034686
0.374865
0.908645
0.496701
0.875292
-0.845123
0.227140
0.346265
-0.388250
0.814168
0.398811
-0.647521
0.474902
0.507489
0.858362
0.822159
0.510140
-0.721580
0.464554
0.143218
-0.180928
-0.885997
0.429764
0.884989
0.152253
0.379906
-0.317709
0.257220
-0.142254
0.840498
-0.047348
0.565086
0.167843
0.383040
-0.512080
-0.900276
-0.296068
0.654876
0.480160
0.830450
0.208617
-0.369476
0.870278
0.193120
-0.104983
0.365462
0.057374
-0.160075
0.010053
0.000406
-0.292662
0.422755
0.365427
-0.309479
0.524663
-0.257023
0.276096
-0.105421
-0.683101
0.674012
0.565714
-0.820475
-0.582161
0.856477
0.178026
-0.384843
0.906046
0.811852
0.904430
-0.334648
-0.553474
0.037179
0.161976
0.912951
0.752243
-0.764308
0.716677
-0.511182
-0.641695
-0.423923
0.653453
-0.882120
0.789630
0.411886
-0.845094
0.756900
-0.197408
-0.402396
0.889673
0.847432
0.561088
0.581109
0.744747
-0.186803
0.704818
0.248650
0.891626
0.620963
0.762899
-0.143389
-0.717847
-0.468701
-0.099545
0.768249
-0.426685
0.708206
-0.661004
-0.903374
-0.619822
-0.563450
0.515597
-0.290683
-0.070391
-0.482825
0.901149
0.209606
0.784759
0.093719
-0.851594
-0.337311
-0.500502
-0.864417
0.105364
0.636564
0.719148
-0.785031
0.675649
0.698759
0.659452
0.281952
0.802477
0.167719
0.472528
0.865325
-0.855606
0.264267
0.743254
0.138846
-0.234558
0.570211
0.855334
0.889051
0.641376
-0.100361
0.631242
0.444482
0.673561
0.387504
-0.483674
0.860343
-0.045656
0.892695
0.122095
0.804310
-0.001500
0.740153
0.243300
0.491995
0.881408
0.124241
-0.684354
0.077207
0.543793
0.541859
0.354446
-0.579015
0.685665
0.842492
-0.598248
0.105369
0.622965
-0.485638
0.763374
0.432449
-0.630502
0.467812
0.765568
0.247730
0.924673
-0.454555
0.628291
-0.036536
0.417359
0.918027
-0.769639
0.718805
-0.234912
0.489292
-0.029608
-0.929316
0.724070
0.789394
0.127180
-0.707941
0.721237
0.450221
-0.385719
-0.919434
0.634350
0.837099
0.087122
-0.665321
0.832915
0.693984
-0.137696
-0.218228
0.859569
-0.851764
0.896982
0.310697
-0.461330
0.791498
0.514025
0.494478
-0.465059
-0.315193
-0.088782
0.521744
0.925475
-0.770174
0.947383
0.454545
0.382080
0.608679
-0.282840
-0.920254
-0.131612
-0.814774
0.789841
0.755439
-0.826527
-0.325889
0.536530
0.399790
0.843966
0.567574
-0.834950
0.396457
0.137135
-0.913206
0.942782
0.199487
-0.677662
-0.139426
-0.571788
-0.119693
-0.378337
0.699460
-0.710956
0.394878
-0.202171
0.294835
0.912876
0.437881
-0.818953
0.535900
-0.517094
0.265139
-0.842068
0.378512
0.908422
0.605087
0.529191
-0.057899
0.859370
0.083546
0.595079
0.831772
-0.714417
-0.020806
0.248250
-0.781899
0.906985
0.910298
0.365957
0.575261
0.751190
0.552167
-0.851470
-0.921288
-0.927503
-0.022618
0.067202
0.932980
-0.316054
0.718785
-0.015834
-0.379553
0.643482
0.624274
0.221382
0.437043
0.803086
0.742536
0.361791
-0.838466
-0.939381
0.351189
-0.342408
0.783754
0.401007
-0.462296
0.286853
-0.649136
0.540133
0.777530
-0.067055
0.357202
0.629359
-0.070253
-0.855657
0.513800
-0.010498
0.771107
-0.345770
-0.735660
0.907958
0.277132
0.085326
-0.044119
0.729943
0.336000
0.521126
0.845742
0.582557
-0.259383
0.348899
-0.307843
0.444211
-0.132406
-0.194834
-0.098846
-0.102127
-0.538808
-0.795929
0.295747
0.130669
0.716952
-0.389229
0.573862
0.594063
-0.730117
0.054904
0.645506
-0.481404
0.909525
0.265926
0.771528
0.921780
0.477521
0.656309
-0.377103
-0.827932
0.928873
0.591811
-0.190558
0.836368
0.218741
0.293371
0.305708
0.559664
0.846614
0.172288
0.481969
-0.477098
0.584215
-0.276575
-0.433151
-0.416649
0.107298
-0.287917
-0.139286
-0.906707
-0.300491
-0.845741
-0.340496
0.573670
0.652317
-0.926386
-0.098832
-0.743241
0.886297
-0.870896
0.894974
-0.029716
0.208259
0.765467
0.435088
0.802155
0.444803
0.565977
0.920532
-0.851436
0.297691
-0.599023
0.852852
-0.607669
-0.385777
-0.082058
0.713692
0.450444
0.661488
-0.774918
0.536914
0.616769
0.087090
-0.470976
0.782830
0.235507
0.409306
0.306823
0.611661
-0.095629
0.508851
-0.055767
-0.529524
-0.776274
0.918732
0.629049
0.276359
0.917758
0.242153
-0.300580
0.017501
-0.019761
0.881838
0.387531
-0.097284
0.412608
0.754964
0.167994
-0.774727
0.826465
0.402340
0.223738
0.213468
0.554501
-0.809283
-0.109058
0.672932
0.214972
-0.697545
0.299460
-0.472196
-0.179834
0.754894
0.087804
-0.404794
0.946434
-0.046798
0.731450
0.848348
-0.853171
-0.222825
0.761911
0.655313
-0.301339
0.112085
0.159251
-0.764817
0.894965
-0.461138
0.568768
-0.299708
0.781328
0.259829
-0.363520
0.390328
0.459056
0.699522
0.854788
-0.895821
0.802746
0.324643
-0.939008
-0.372491
0.940158
-0.044074
0.795993
-0.827118
-0.716798
0.583860
0.913201
-0.553558
-0.198958
-0.299540
0.742644
-0.496175
0.206098
0.019714
0.700814
0.429284
-0.588376
0.911241
0.150981
0.565551
0.480018
0.752216
0.755214
-0.617615
0.534619
0.681017
-0.912901
0.762603
-0.625198
-0.888265
-0.613924
0.242330
-0.735975
0.540793
-0.728897
-0.807961
0.868728
0.008003
0.558867
-0.087715
0.937105
0.182188
0.939496
-0.455994
0.826860
-0.093324
-0.490071
0.807530
-0.905493
-0.603320
0.948711
0.366007
0.430003
0.524475
0.855689
-0.411813
0.592259
0.289587
-0.527286
0.611527
0.589833
0.843672
0.065811
0.701442
0.627715
-0.000137
0.007793
0.150353
0.681259
0.877093
0.216532
0.556198
-0.676922
0.759998
0.636463
-0.461088
-0.004390
0.495860
-0.048637
-0.795452
0.209176
-0.803572
0.693565
0.689725
0.578501
0.412236
-0.455067
0.498893
0.105888
0.672791
0.758277
0.797069
0.832719
-0.902719
0.525959
0.479572
0.808296
-0.623494
-0.775731
-0.286617
0.332762
-0.792820
0.153021
-0.405529
-0.883257
0.826929
0.687799
0.860806
0.702528
0.882005
-0.213250
-0.782819
-0.827894
0.394549
0.673772
-0.856013
-0.432967
0.822149
-0.555461
-0.067246
0.087075
0.056593
0.500228
0.531967
0.698037
0.724716
-0.791414
0.560538
-0.762068
-0.342983
0.019793
0.743260
-0.336543
-0.780681
0.198950
-0.620234
0.367250
-0.409635
-0.868593
0.934939
-0.083800
0.393358
0.121773
0.762700
0.006374
0.241869
0.272381
0.854835
0.314634
0.122164
0.830271
0.901115
0.812036
-0.355506
-0.493891
-0.525077
0.837216
0.500934
0.068795
-0.922651
-0.532188
0.908634
0.157592
-0.843391
-0.838367
0.042339
0.499195
-0.114232
0.403235
-0.281353
-0.039016
-0.327576
-0.867086
-0.863751
0.422105
0.947812
-0.212455
0.709745
-0.563290
0.223320
0.707106
0.086877
-0.314057
-0.481374
0.618144
-0.914474
0.911291
-0.451726
0.895992
0.215763
0.709483
-0.564715
0.534675
-0.949764
0.805012
-0.368657
0.524865
0.510849
-0.213313
-0.378451
0.254157
-0.015938
0.760578
0.465359
0.247638
-0.453420
0.803471
-0.468096
0.801788
-0.498669
0.770143
0.127498
0.827249
0.944021
-0.062969
-0.034042
-0.764645
0.942185
0.247940
0.167688
0.797306
-0.467605
0.298110
0.685019
-0.855970
-0.163305
0.507695
-0.918320
-0.398684
-0.106923
0.535507
-0.370322
-0.236086
0.236309
0.705114
-0.079659
0.917188
-0.039125
0.850747
-0.798681
0.703345
0.754926
-0.750089
-0.559114
-0.176753
0.529798
0.832705
0.044713
0.196391
-0.878644
0.690528
0.390690
0.526402
0.336599
0.902961
0.718603
0.719866
0.340951
0.533145
-0.120219
0.576660
-0.487834
-0.624869
0.636194
0.778714
0.510167
0.934276
0.183962
0.336514
-0.027723
-0.658361
0.181872
-0.250278
0.887219
0.773228
-0.701684
0.776134
-0.371228
-0.883335
-0.542172
0.793181
0.871524
0.844869
0.341461
-0.561943
-0.546889
-0.249687
0.942778
0.715659
-0.201330
0.226668
0.533832
0.733619
-0.871388
-0.709622
0.787679
-0.823535
0.587095
-0.704428
0.857004
0.012652
0.282420
-0.842562
0.728170
0.760874
0.813214
0.905393
-0.697130
-0.394402
-0.918541
0.398826
0.709713
0.726780
-0.365869
0.625295
0.089937
0.353490
-0.928648
0.140730
-0.861997
0.145774
-0.717675
0.296495
0.118167
0.710513
0.809655
-0.703542
-0.492182
0.751162
0.427332
-0.925879
-0.509828
0.678298
0.931318
0.774876
0.340699
-0.674388
0.788100
0.531002
0.781324
0.064406
0.413127
0.680985
0.420468
-0.373076
-0.682522
-0.660145
-0.413630
0.009546
0.867977
-0.390684
0.796913
0.597041
0.520948
-0.170682
0.486027
-0.501243
0.920720
0.944208
0.822325
-0.518116
-0.614290
0.570310
0.901895
0.433261
0.766228
0.812136
0.117265
-0.852495
-0.009244
-0.600057
0.669138
-0.353722
0.275968
0.894877
-0.609635
0.920942
-0.370868
-0.335609
0.492839
0.573447
0.592847
-0.167702
0.703342
-0.488276
-0.051642
0.744606
0.762210
0.933816
0.398333
0.223015
0.491999
0.790156
0.861093
-0.079455
-0.352427
-0.494400
0.079804
-0.024966
0.484476
-0.027472
0.064291
0.396578
0.488897
-0.355386
0.241048
0.639797
-0.123413
0.923181
-0.093550
-0.832694
0.815182
-0.780447
0.119059
0.615152
0.678065
0.426688
0.843924
0.130459
0.690536
0.406236
-0.737300
0.327197
0.054786
0.870801
-0.034332
0.276882
-0.828776
0.295653
0.376096
0.308931
-0.287557
0.381156
-0.087256
-0.511466
0.043509
-0.378136
0.755776
-0.716223
0.176100
-0.201696
0.882369
-0.870148
0.396630
0.804274
0.511321
-0.861173
0.630322
0.540956
-0.417625
0.429401
-0.149312
0.603217
0.060918
0.176334
-0.040358
0.501183
0.919298
-0.237236
-0.783108
0.595879
-0.159493
0.616707
0.809440
0.417883
-0.933712
0.457388
-0.604573
0.250525
0.641015
0.762831
-0.552862
0.693683
-0.305517
0.915903
0.084163
0.461000
0.799647
0.602650
0.795366
-0.142320
-0.408587
-0.017834
0.001803
-0.807126
0.613463
-0.313214
0.724650
0.862951
-0.772217
0.614686
0.800952
0.733350
0.021499
-0.804137
-0.506376
0.645706
0.785639
0.275586
0.616794
-0.599852
0.910578
0.169893
0.243484
-0.867776
0.848909
-0.647827
0.702653
0.297593
0.008909
0.236178
0.211997
-0.212534
-0.860717
-0.353647
-0.861599
-0.880192
0.616007
0.611472
0.408554
0.822628
0.160678
-0.796439
-0.904218
0.616430
-0.707692
0.536138
0.265308
-0.123706
0.257080
0.329635
-0.144077
0.895514
0.889996
0.671055
0.733503
0.383011
-0.867538
-0.113209
0.565838
0.412888
-0.199021
-0.714915
0.615172
0.766423
0.810044
0.025737
-0.104989
0.414111
0.644316
0.794111
0.585107
-0.908259
0.674374
0.820033
0.711228
-0.623204
-0.806258
-0.489781
0.768545
0.201384
0.855890
0.938833
-0.137435
0.900808
-0.125700
-0.379231
0.451292
0.772936
0.005974
0.897887
0.818424
0.812121
0.298842
0.753663
-0.493392
0.346414
0.201611
0.615042
-0.248508
-0.562481
-0.385705
-0.044713
-0.857761
0.159717
-0.097459
0.928435
0.865504
-0.160623
0.136575
0.664265
0.698863
-0.527392
-0.122466
0.799048
0.356458
0.766988
0.194419
-0.236104
-0.503292
-0.162210
-0.070526
-0.560187
0.360259
0.723779
0.452380
-0.882807
0.792447
0.478486
-0.823185
-0.053170
0.080662
0.776184
0.619762
-0.757840
0.781773
-0.624233
-0.889792
-0.685580
0.715535
0.905214
0.686720
0.713861
-0.002948
-0.886834
0.194936
0.211453
0.459828
-0.687474
0.362081
-0.296507
-0.743483
-0.174039
0.280990
0.065777
0.625153
0.757771
0.682035
-0.907994
0.792615
-0.610139
-0.415910
0.602345
-0.050060
0.122210
-0.492476
0.751178
0.472917
0.146021
0.501073
-0.708454
0.711639
-0.696879
-0.461499
-0.162040
0.693707
0.849113
-0.178176
0.103951
-0.444569
0.707861
-0.948584
0.440658
0.305921
0.724096
0.620231
0.195180
-0.384807
0.918563
0.746435
0.333315
0.690043
0.620892
-0.933119
0.234834
-0.471608
0.876735
-0.816552
-0.705916
-0.055185
-0.382302
-0.366015
0.557069
0.389458
0.836183
0.001305
-0.777308
0.664169
0.690741
0.721224
0.927324
-0.815782
0.884913
0.868032
0.653295
0.792898
-0.063620
0.296903
-0.663581
0.288263
-0.678727
0.441944
0.845606
0.880070
-0.323655
0.429204
0.254066
0.886960
0.667989
0.929923
-0.100031
-0.159684
0.789404
0.677088
0.135572
-0.936204
0.015149
0.915522
0.656548
0.946863
0.729271
-0.850999
0.081561
0.546735
0.297091
-0.517517
-0.540552
0.684014
0.031226
0.661276
0.536717
-0.744743
0.584803
0.725696
0.191624
0.440777
-0.612132
0.498817
-0.152398
-0.151903
0.412514
-0.399756
-0.000498
0.785557
0.747745
-0.007088
-0.867152
0.374687
0.129753
-0.791750
-0.120890
0.848503
-0.557149
0.874160
0.266318
0.426050
0.755896
0.634387
0.899226
0.596890
0.544818
0.096819
-0.631906
0.727613
0.118813
-0.195824
0.263060
0.216576
-0.805247
0.683867
0.899548
0.260447
0.829883
0.720467
-0.355709
0.587729
-0.824499
0.427940
-0.360509
0.390681
-0.229775
0.428793
0.570692
0.805717
-0.790719
0.657166
-0.601706
-0.745055
0.852414
0.252652
0.233194
0.634551
0.417555
0.903877
0.617467
0.763272
0.198335
0.762556
0.445311
-0.874618
-0.633644
-0.743818
0.602374
0.635513
0.811216
0.590455
-0.518902
-0.796439
0.853006
0.825251
-0.249068
-0.602064
-0.309376
-0.812795
0.573169
-0.920874
-0.768197
0.217266
0.345695
-0.633082
-0.590785
-0.450515
-0.224637
0.904261
0.242620
-0.743736
0.273017
-0.110071
0.744194
-0.424696
0.072648
0.449794
-0.660111
0.492459
0.644063
0.933911
0.889614
0.665919
0.741998
-0.714860
-0.613899
0.549984
0.853384
0.717158
-0.598518
0.246015
0.137939
0.535967
0.724099
0.849763
-0.713545
0.183327
-0.903375
0.194371
-0.475727
-0.561226
0.746729
0.204191
0.464134
-0.686656
-0.253571
0.873568
-0.214110
-0.815847
-0.703492
0.630308
0.515696
0.366824
-0.778473
0.218196
0.771492
0.579505
-0.850900
0.940738
0.744378
-0.380072
-0.412132
0.555773
-0.826092
-0.831633
0.034576
0.577188
0.304950
0.651509
0.893124
-0.588153
0.051736
0.519688
-0.157633
-0.354099
-0.314784
0.021916
-0.445246
0.681804
0.091120
-0.658434
0.888386
0.497459
0.036735
0.197768
-0.543063
-0.792703
0.540196
0.722943
-0.291781
0.125436
0.816077
0.151116
-0.816068
0.082251
-0.766647
-0.949445
-0.792493
0.886655
-0.353443
0.032153
0.540611
0.920922
0.302037
0.210198
-0.877089
0.408451
0.625528
0.504040
0.247596
-0.892838
-0.938810
-0.855237
0.925221
0.336560
0.257974
-0.542301
-0.198690
0.036947
-0.860354
-0.326280
0.771538
0.828084
0.012351
-0.638460
0.650167
0.678823
0.899639
-0.018083
0.161932
0.773880
0.554641
0.648237
0.845978
0.024310
0.682669
0.833789
0.853714
0.911588
-0.058887
0.580584
0.048289
0.433360
0.832928
0.542268
0.581336
0.330706
-0.214024
-0.800377
-0.237949
-0.931875
-0.621944
0.596241
-0.529549
0.205988
0.695251
0.713629
-0.355299
0.801523
0.247467
-0.696770
0.652258
0.590667
0.203534
0.881571
-0.800226
0.349199
-0.896817
0.314683
0.860682
0.902564
0.660225
0.881040
-0.290568
0.349286
-0.476948
0.230678
0.717749
0.337497
0.269643
0.022496
-0.386829
0.844748
-0.483519
0.841370
-0.347351
-0.566956
0.306137
-0.774679
-0.897384
-0.797614
-0.156869
-0.353259
0.702844
-0.768955
0.320737
0.077811
-0.741659
-0.728237
-0.149672
-0.839311
0.612448
-0.431500
-0.864703
0.497187
0.538754
0.764499
0.828078
-0.193688
0.678837
-0.514766
-0.145782
0.487907
-0.003025
-0.263909
0.567787
0.718163
-0.914024
0.516803
0.743156
-0.310303
-0.707793
-0.279929
0.174852
-0.670245
0.701061
0.857273
0.391418
-0.316561
0.890171
-0.162292
-0.863997
0.591726
-0.691839
-0.106376
-0.568707
0.674727
-0.077124
-0.369890
0.863504
0.667600
0.135684
0.534653
-0.548152
0.009129
0.856754
0.667130
0.813626
0.255076
-0.290913
0.799512
-0.588356
-0.402190
0.532948
-0.431794
-0.267789
0.874361
0.248004
0.483388
0.812325
-0.600346
0.266801
0.530318
0.771813
-0.655893
-0.654403
0.258104
0.639716
0.858780
-0.595424
0.441854
0.898814
-0.659491
0.345249
0.795588
-0.722734
-0.482650
-0.014991
0.880311
0.943812
-0.802739
0.029243
0.257256
